EV of rolling D dice with P points
P \ D	1	2	3	4	5	6
0	25	50	80	142	255	461
50	-8	28	66	132	246	455
100	-42	6	52	114	204	446
150	-75	-17	38	106	199	443
200	-108	-39	24	99	194	440
250	-142	-61	10	91	189	438
300	-175	-83	-3	83	184	435
350	-208	-106	-17	75	179	432
400	-242	-128	-31	67	175	428
450	-275	-150	-45	59	170	424
500	-308	-172	-59	51	159	422
550	-342	-194	-73	44	155	419
600	-375	-217	-87	36	151	417
650	-408	-239	-101	28	147	415
700	-442	-261	-115	20	144	412
750	-475	-283	-128	12	140	410
800	-508	-306	-142	4	136	407
850	-542	-328	-156	-4	132	404
900	-575	-350	-170	-12	128	402
950	-608	-372	-184	-19	124	400
1000	-642	-394	-198	-27	120	397
1050	-675	-417	-212	-35	117	395
1100	-708	-439	-226	-43	113	392
1150	-742	-461	-240	-51	109	390
1200	-775	-483	-253	-59	105	361
1250	-808	-506	-267	-67	101	359
1300	-842	-528	-281	-75	97	358
1350	-875	-550	-295	-82	93	356
1400	-908	-572	-309	-90	90	355
1450	-942	-594	-323	-98	86	354
1500	-975	-617	-337	-106	82	352
1550	-1008	-639	-351	-114	78	351
1600	-1042	-661	-365	-122	74	349
1650	-1075	-683	-378	-130	70	348
1700	-1108	-706	-392	-138	66	346
1750	-1142	-728	-406	-145	63	345
1800	-1175	-750	-420	-153	59	343
1850	-1208	-772	-434	-161	55	342
1900	-1242	-794	-448	-169	51	337
1950	-1275	-817	-462	-177	47	336
2000	-1308	-839	-476	-185	43	334
2050	-1342	-861	-490	-193	39	333
2100	-1375	-883	-503	-200	36	332
2150	-1408	-906	-517	-208	32	331
2200	-1442	-928	-531	-216	28	330
2250	-1475	-950	-545	-224	24	329
2300	-1508	-972	-559	-232	20	328
2350	-1542	-994	-573	-240	16	326
2400	-1575	-1017	-587	-248	12	325
2450	-1608	-1039	-601	-256	9	324
2500	-1642	-1061	-615	-263	5	323
2550	-1675	-1083	-628	-271	1	322
2600	-1708	-1106	-642	-279	-3	321
2650	-1742	-1128	-656	-287	-7	319
2700	-1775	-1150	-670	-295	-11	318
2750	-1808	-1172	-684	-303	-15	317
2800	-1842	-1194	-698	-311	-18	316
2850	-1875	-1217	-712	-319	-22	315
2900	-1908	-1239	-726	-326	-26	314
2950	-1942	-1261	-740	-334	-30	312
3000	-1975	-1283	-753	-342	-34	311
3050	-2008	-1306	-767	-350	-38	310
3100	-2042	-1328	-781	-358	-42	309
3150	-2075	-1350	-795	-366	-45	308
3200	-2108	-1372	-809	-374	-49	307
3250	-2142	-1394	-823	-381	-53	306
3300	-2175	-1417	-837	-389	-57	304
3350	-2208	-1439	-851	-397	-61	303
3400	-2242	-1461	-865	-405	-65	302
3450	-2275	-1483	-878	-413	-69	301
3500	-2308	-1506	-892	-421	-72	300
3550	-2342	-1528	-906	-429	-76	299
3600	-2375	-1550	-920	-437	-80	297
3650	-2408	-1572	-934	-444	-84	296
3700	-2442	-1594	-948	-452	-88	295
3750	-2475	-1617	-962	-460	-92	294
3800	-2508	-1639	-976	-468	-96	293
3850	-2542	-1661	-990	-476	-99	292
3900	-2575	-1683	-1003	-484	-103	290
3950	-2608	-1706	-1017	-492	-107	289
4000	-2642	-1728	-1031	-500	-111	288
4050	-2675	-1750	-1045	-507	-115	287
4100	-2708	-1772	-1059	-515	-119	286
4150	-2742	-1794	-1073	-523	-123	285
4200	-2775	-1817	-1087	-531	-126	284
4250	-2808	-1839	-1101	-539	-130	282
4300	-2842	-1861	-1115	-547	-134	281
4350	-2875	-1883	-1128	-555	-138	280
4400	-2908	-1906	-1142	-562	-142	279
4450	-2942	-1928	-1156	-570	-146	278
4500	-2975	-1950	-1170	-578	-150	277
4550	-3008	-1972	-1184	-586	-153	275
4600	-3042	-1994	-1198	-594	-157	274
4650	-3075	-2017	-1212	-602	-161	273
4700	-3108	-2039	-1226	-610	-165	272
4750	-3142	-2061	-1240	-618	-169	271
4800	-3175	-2083	-1253	-625	-173	270
4850	-3208	-2106	-1267	-633	-177	268
4900	-3242	-2128	-1281	-641	-180	267
4950	-3275	-2150	-1295	-649	-184	266
5000	-3308	-2172	-1309	-657	-188	265
5050	-3342	-2194	-1323	-665	-192	264
5100	-3375	-2217	-1337	-673	-196	263
5150	-3408	-2239	-1351	-681	-200	262
5200	-3442	-2261	-1365	-688	-204	260
5250	-3475	-2283	-1378	-696	-207	259
5300	-3508	-2306	-1392	-704	-211	258
5350	-3542	-2328	-1406	-712	-215	257
5400	-3575	-2350	-1420	-720	-219	256
5450	-3608	-2372	-1434	-728	-223	255
5500	-3642	-2394	-1448	-736	-227	253
5550	-3675	-2417	-1462	-744	-231	252
5600	-3708	-2439	-1476	-751	-234	251
5650	-3742	-2461	-1490	-759	-238	250
5700	-3775	-2483	-1503	-767	-242	249
5750	-3808	-2506	-1517	-775	-246	248
5800	-3842	-2528	-1531	-783	-250	246
5850	-3875	-2550	-1545	-791	-254	245
5900	-3908	-2572	-1559	-799	-258	244
5950	-3942	-2594	-1573	-806	-261	243
6000	-3975	-2617	-1587	-814	-265	242
6050	-4008	-2639	-1601	-822	-269	241
6100	-4042	-2661	-1615	-830	-273	240
6150	-4075	-2683	-1628	-838	-277	238
6200	-4108	-2706	-1642	-846	-281	237
6250	-4142	-2728	-1656	-854	-285	236
6300	-4175	-2750	-1670	-862	-288	235
6350	-4208	-2772	-1684	-869	-292	234
6400	-4242	-2794	-1698	-877	-296	233
6450	-4275	-2817	-1712	-885	-300	231
6500	-4308	-2839	-1726	-893	-304	230
6550	-4342	-2861	-1740	-901	-308	229
6600	-4375	-2883	-1753	-909	-312	228
6650	-4408	-2906	-1767	-917	-315	227
6700	-4442	-2928	-1781	-925	-319	226
6750	-4475	-2950	-1795	-932	-323	225
6800	-4508	-2972	-1809	-940	-327	223
6850	-4542	-2994	-1823	-948	-331	222
6900	-4575	-3017	-1837	-956	-335	221
6950	-4608	-3039	-1851	-964	-339	220
7000	-4642	-3061	-1865	-972	-342	219
7050	-4675	-3083	-1878	-980	-346	218
7100	-4708	-3106	-1892	-988	-350	216
7150	-4742	-3128	-1906	-995	-354	215
7200	-4775	-3150	-1920	-1003	-358	214
7250	-4808	-3172	-1934	-1011	-362	213
7300	-4842	-3194	-1948	-1019	-366	212
7350	-4875	-3217	-1962	-1027	-370	211
7400	-4908	-3239	-1976	-1035	-373	209
7450	-4942	-3261	-1990	-1043	-377	208
7500	-4975	-3283	-2003	-1050	-381	207
7550	-5008	-3306	-2017	-1058	-385	206
7600	-5042	-3328	-2031	-1066	-389	205
7650	-5075	-3350	-2045	-1074	-393	204
7700	-5108	-3372	-2059	-1082	-397	203
7750	-5142	-3394	-2073	-1090	-400	201
7800	-5175	-3417	-2087	-1098	-404	200
7850	-5208	-3439	-2101	-1106	-408	199
7900	-5242	-3461	-2115	-1113	-412	198
7950	-5275	-3483	-2128	-1121	-416	197
8000	-5308	-3506	-2142	-1129	-420	196
8050	-5342	-3528	-2156	-1137	-424	194
8100	-5375	-3550	-2170	-1145	-427	193
8150	-5408	-3572	-2184	-1153	-431	192
8200	-5442	-3594	-2198	-1161	-435	191
8250	-5475	-3617	-2212	-1169	-439	190
8300	-5508	-3639	-2226	-1176	-443	189
8350	-5542	-3661	-2240	-1184	-447	187
8400	-5575	-3683	-2253	-1192	-451	186
8450	-5608	-3706	-2267	-1200	-454	185
8500	-5642	-3728	-2281	-1208	-458	184
8550	-5675	-3750	-2295	-1216	-462	183
8600	-5708	-3772	-2309	-1224	-466	182
8650	-5742	-3794	-2323	-1231	-470	181
8700	-5775	-3817	-2337	-1239	-474	179
8750	-5808	-3839	-2351	-1247	-478	178
8800	-5842	-3861	-2365	-1255	-481	177
8850	-5875	-3883	-2378	-1263	-485	176
8900	-5908	-3906	-2392	-1271	-489	175
8950	-5942	-3928	-2406	-1279	-493	174
9000	-5975	-3950	-2420	-1287	-497	172
9050	-6008	-3972	-2434	-1294	-501	171
9100	-6042	-3994	-2448	-1302	-505	170
9150	-6075	-4017	-2462	-1310	-508	169
9200	-6108	-4039	-2476	-1318	-512	168
9250	-6142	-4061	-2490	-1326	-516	167
9300	-6175	-4083	-2503	-1334	-520	165
9350	-6208	-4106	-2517	-1342	-524	164
9400	-6242	-4128	-2531	-1350	-528	163
9450	-6275	-4150	-2545	-1357	-532	162
9500	-6308	-4172	-2559	-1365	-535	161
9550	-6342	-4194	-2573	-1373	-539	160
9600	-6375	-4217	-2587	-1381	-543	159
9650	-6408	-4239	-2601	-1389	-547	157
9700	-6442	-4261	-2615	-1397	-551	156
9750	-6475	-4283	-2628	-1405	-555	155
9800	-6508	-4306	-2642	-1412	-559	154
9850	-6542	-4328	-2656	-1420	-562	153
9900	-6575	-4350	-2670	-1428	-566	152
9950	-6608	-4372	-2684	-1436	-570	150
10000	-6642	-4394	-2698	-1444	-574	149

Highest score at which it's still worth rolling D dice:
1: 0
2: 100
3: 250
4: 800
5: 2550
6: 10000

final cache size was 1101 items, we hit it 22119534 times
